,,,Tackles,Tackles,Tackles,Tackles,Tackles,Vs Dribbles,Vs Dribbles,Vs Dribbles,Vs Dribbles,Pressures,Pressures,Pressures,Pressures,Pressures,Pressures,Blocks,Blocks,Blocks,Blocks,,,,
Squad,# Pl,90s,Tkl,TklW,Def 3rd,Mid 3rd,Att 3rd,Tkl,Att,Tkl%,Past,Press,Succ,%,Def 3rd,Mid 3rd,Att 3rd,Blocks,Sh,ShSv,Pass,Int,Tkl+Int,Clr,Err
Arsenal,27,16.0,233,141,112,86,35,79,189,41.8,110,1930,558,28.9,620,778,532,257,71,0,186,215,448,291,10
Aston Villa,25,16.0,279,165,144,103,32,104,263,39.5,159,2213,610,27.6,795,921,497,282,76,1,206,251,530,299,4
Brentford,22,16.0,305,185,142,114,49,112,256,43.8,144,2343,710,30.3,825,989,529,250,44,3,206,245,550,367,3
Brighton,24,15.0,304,178,145,114,45,104,225,46.2,121,2181,677,31.0,761,851,569,258,56,2,202,190,494,299,2
Burnley,19,14.0,242,143,109,100,33,84,203,41.4,119,1883,532,28.3,570,840,473,279,99,5,180,226,468,321,4
Chelsea,25,16.0,275,164,125,110,40,87,244,35.7,157,2285,715,31.3,728,960,597,256,57,4,199,229,504,363,5
Crystal Palace,22,15.0,286,170,150,109,27,104,223,46.6,119,2387,701,29.4,836,1045,506,259,63,0,196,204,490,326,4
Everton,26,15.0,298,178,163,99,36,117,273,42.9,156,2356,710,30.1,854,1004,498,268,62,0,206,254,552,331,4
Leeds United,24,16.0,334,188,163,126,45,133,305,43.6,172,2669,830,31.1,893,1171,605,247,70,1,177,253,587,359,9
Leicester City,22,15.0,295,162,132,128,35,109,255,42.7,146,2359,690,29.2,774,1098,487,249,65,0,184,203,498,309,6
Liverpool,25,16.0,240,147,83,111,46,83,225,36.9,142,2218,682,30.7,558,978,682,192,43,2,149,213,453,293,0
Manchester City,23,16.0,221,143,85,97,39,97,234,41.5,137,1874,583,31.1,439,842,593,184,39,2,145,177,398,206,3
Manchester Utd,24,16.0,249,146,131,85,33,86,219,39.3,133,2043,593,29.0,653,927,463,247,70,1,177,216,465,373,5
Newcastle Utd,23,15.0,261,152,150,80,31,91,242,37.6,151,2012,539,26.8,851,790,371,240,76,2,164,205,466,322,2
Norwich City,23,16.0,283,172,142,113,28,112,268,41.8,156,2468,663,26.9,965,991,512,274,84,2,190,270,553,357,3
Southampton,22,16.0,277,178,125,109,43,92,257,35.8,165,2424,744,30.7,753,1036,635,247,61,2,186,278,555,354,1
Tottenham,22,14.0,265,147,122,113,30,81,226,35.8,145,2079,584,28.1,774,908,397,230,70,1,160,222,487,322,0
Watford,26,16.0,267,163,148,93,26,99,264,37.5,165,2333,663,28.4,773,1024,536,240,71,4,169,238,505,377,3
West Ham,20,15.0,250,155,125,90,35,84,224,37.5,140,2033,573,28.2,737,883,413,237,61,2,176,192,442,327,2
Wolves,18,16.0,312,197,174,109,29,113,273,41.4,160,2255,684,30.3,928,943,384,237,57,2,180,233,545,390,5
